f1-ako 1 49 ; 11 10 ; 88 46 ; 1 50 
f1-akoa 1 49 ; 11 7 ; 89 44 ; 12 7 ; 1 49 
f1-akoananganak 1 49 ; 11 9 ; 89 22 ; 12 9 ; 135 8 ; 140 9 ; 11 9 ; 137 17 ; 76 10 ; 1 46 
f1-akoananginahan 1 49 ; 11 12 ; 89 19 ; 12 8 ; 135 7 ; 140 19 ; 67 6 ; 137 8 ; 61 11 ; 132 6 ; 1 45 
f1-akoang 1 49 ; 11 8 ; 89 42 ; 13 6 ; 140 7 ; 1 50 
f1-akoangamahan 1 49 ; 11 6 ; 89 17 ; 13 6 ; 140 6 ; 11 9 ; 117 7 ; 61 19 ; 132 6 ; 1 44 
f1-akoanganak 1 49 ; 11 10 ; 89 25 ; 13 6 ; 140 8 ; 11 7 ; 137 13 ; 76 9 ; 1 45 
f1-amahan 1 49 ; 11 9 ; 117 6 ; 61 24 ; 132 6 ; 1 44 
f1-anak 1 49 ; 11 7 ; 137 22 ; 76 8 ; 1 45 
f1-asaang 1 49 ; 11 21 ; 184 31 ; 11 9 ; 140 34 ; 1 50 
f1-asawa 1 49 ; 11 7 ; 185 35 ; 228 6 ; 1 50 
f1-atubangan 1 49 ; 11 12 ; 205 10 ; 25 19 ; 141 6 ; 13 23 ; 132 10 ; 1 44 
f1-bana 1 50 ; 23 14 ; 136 33 ; 1 50 
f1-bata 1 50 ; 23 30 ; 196 7 ; 1 49 
f1-dani 1 49 ; 39 18 ; 144 33 ; 1 50 
f1-didto 1 46 ; 35 6 ; 73 49 ; 200 15 ; 1 49 
f1-duha 1 49 ; 47 19 ; 60 15 ; 1 50 
f1-ikaw 1 49 ; 67 22 ; 84 26 ; 1 47 
f1-imoha 1 49 ; 67 9 ; 125 42 ; 60 14 ; 1 49 
f1-imohang 1 49 ; 67 8 ; 125 39 ; 61 7 ; 140 7 ; 1 49 
f1-inahan 1 49 ; 67 8 ; 137 11 ; 61 18 ; 132 6 ; 1 44 
f1-isa 1 49 ; 67 10 ; 184 26 ; 1 50 
f1-iyahaningbana 1 49 ; 67 10 ; 233 11 ; 60 15 ; 143 14 ; 140 10 ; 23 8 ; 136 15 ; 1 49 
f1-kabalokamagenglish 1 50 ; 79 8 ; 25 6 ; 108 18 ; 82 7 ; 115 6 ; 52 16 ; 67 6 ; 141 6 ; 105 6 ; 188 47 
f1-kabalokamagtagalog 1 50 ; 79 13 ; 25 13 ; 108 18 ; 82 7 ; 115 8 ; 52 9 ; 195 20 ; 57 8 ; 109 21 ; 52 6 ; 1 49 
f1-kumustaka 1 42 ; 91 9 ; 129 23 ; 181 22 ; 196 6 ; 82 6 ; 1 49 
f1-likod 1 50 ; 103 20 ; 89 16 ; 36 17 ; 1 49 
f1-lima 1 50 ; 103 31 ; 116 7 ; 1 49 
f1-maayongadlaw 1 50 ; 115 8 ; 13 6 ; 237 16 ; 140 23 ; 15 20 ; 100 6 ; 1 41 
f1-maayongbuntag 1 50 ; 115 10 ; 13 6 ; 237 11 ; 140 6 ; 31 48 ; 133 24 ; 197 6 ; 52 6 ; 1 16 
f1-maayonggabii 1 50 ; 115 7 ; 13 10 ; 237 6 ; 140 6 ; 55 32 ; 29 9 ; 68 6 ; 1 38 
f1-maayonghapon 1 50 ; 115 9 ; 13 10 ; 237 10 ; 140 9 ; 59 25 ; 173 8 ; 132 6 ; 1 40 
f1-maayongudto 1 50 ; 115 7 ; 13 6 ; 237 22 ; 140 19 ; 211 11 ; 200 9 ; 1 49 
f1-mangayokougmenu 1 50 ; 115 6 ; 141 6 ; 13 6 ; 236 17 ; 90 11 ; 218 53 ; 119 43 ; 148 6 
f1-napulo 1 50 ; 135 19 ; 177 43 ; 108 6 ; 1 49 
f1-palihog 1 46 ; 163 7 ; 105 20 ; 65 41 ; 52 6 ; 1 49 
f1-palihogkougmenu 1 46 ; 163 7 ; 105 23 ; 65 19 ; 52 6 ; 90 8 ; 218 70 ; 119 29 ; 148 6 ; 1 16 
f1-pito 1 47 ; 167 45 ; 200 8 ; 1 49 
f1-sila 1 48 ; 191 28 ; 96 26 ; 1 48 
f1-silaakoangmgaanak 1 47 ; 191 25 ; 96 24 ; 11 7 ; 89 9 ; 13 6 ; 140 13 ; 115 6 ; 141 6 ; 12 6 ; 11 8 ; 137 21 ; 76 8 ; 1 46 
f1-siya 1 48 ; 191 24 ; 232 28 ; 1 50 
f1-siyaangakoangasawa 1 48 ; 191 24 ; 232 17 ; 11 9 ; 140 6 ; 11 10 ; 89 18 ; 13 6 ; 140 7 ; 11 6 ; 185 33 ; 228 6 ; 1 49 
f1-siyam 1 47 ; 191 23 ; 233 22 ; 112 13 ; 1 46 
f1-taas 1 50 ; 195 7 ; 13 6 ; 180 53 ; 1 49 
f1-tanan 1 49 ; 195 8 ; 137 44 ; 132 7 ; 1 44 
f1-too 1 50 ; 199 11 ; 152 41 ; 1 48 
f1-tulo 1 50 ; 203 17 ; 108 23 ; 1 49 
f1-ubos 1 48 ; 207 34 ; 160 23 ; 1 47 
f1-unom 1 47 ; 219 10 ; 156 28 ; 1 48 
f1-upat 1 48 ; 223 15 ; 20 28 ; 1 47 
f1-walaleft 1 49 ; 227 32 ; 96 32 ; 1 48 
f1-walazero 1 49 ; 227 20 ; 96 19 ; 1 46 
f1-walo 1 49 ; 227 23 ; 108 19 ; 1 50 
f11-ako 1 49 ; 11 31 ; 88 28 ; 1 67 
f11-akoa 1 49 ; 11 28 ; 89 26 ; 12 24 ; 1 50 
f11-akoananganak 1 49 ; 11 29 ; 89 23 ; 12 11 ; 135 8 ; 140 8 ; 11 7 ; 137 23 ; 76 10 ; 1 46 
f11-akoananginahan 1 49 ; 11 36 ; 89 34 ; 12 11 ; 135 9 ; 140 14 ; 67 6 ; 137 9 ; 61 15 ; 132 6 ; 1 45 
f11-akoang 1 49 ; 11 41 ; 89 25 ; 13 26 ; 140 6 ; 1 49 
f11-akoangamahan 1 49 ; 11 26 ; 89 19 ; 13 6 ; 140 7 ; 11 7 ; 117 6 ; 61 35 ; 132 10 ; 1 45 
f11-akoanganak 1 49 ; 11 30 ; 89 24 ; 13 6 ; 140 7 ; 11 9 ; 137 30 ; 76 10 ; 1 46 
f11-amahan 1 49 ; 11 29 ; 117 6 ; 61 39 ; 132 10 ; 1 44 
f11-anak 1 49 ; 11 20 ; 137 47 ; 76 10 ; 1 45 
f11-asaang 1 49 ; 11 30 ; 184 30 ; 11 40 ; 140 7 ; 1 49 
f11-asawa 1 49 ; 11 23 ; 185 32 ; 228 30 ; 1 49 
f11-atubangan 1 49 ; 11 30 ; 205 11 ; 25 13 ; 141 8 ; 13 29 ; 132 7 ; 1 44 
f11-bana 1 50 ; 23 30 ; 136 47 ; 1 50 
f11-bata 1 50 ; 23 32 ; 196 20 ; 1 56 
f11-dani 1 49 ; 39 58 ; 144 62 ; 1 49 
f11-didto 1 57 ; 35 20 ; 73 26 ; 200 58 ; 1 50 
f11-duha 1 49 ; 47 32 ; 60 37 ; 1 49 
f11-ikaw 1 49 ; 67 43 ; 84 46 ; 1 47 
f11-imoha 1 49 ; 67 23 ; 125 24 ; 60 38 ; 1 49 
f11-imohang 1 49 ; 67 30 ; 125 26 ; 61 30 ; 140 6 ; 1 49 
f11-inahan 1 49 ; 67 41 ; 137 6 ; 61 45 ; 132 11 ; 1 43 
f11-isa 1 49 ; 67 24 ; 184 41 ; 1 49 
f11-iyahaningbana 1 49 ; 67 24 ; 233 11 ; 60 15 ; 143 16 ; 140 7 ; 23 8 ; 136 29 ; 1 50 
f11-kabalokamagenglish 1 50 ; 79 30 ; 25 9 ; 108 28 ; 82 6 ; 115 7 ; 52 18 ; 67 6 ; 141 6 ; 105 13 ; 188 47 
f11-kabalokamagtagalog 1 50 ; 79 30 ; 25 8 ; 108 28 ; 82 7 ; 115 7 ; 52 8 ; 195 6 ; 57 6 ; 109 14 ; 52 6 ; 1 50 
f11-kumustaka 1 45 ; 91 6 ; 129 82 ; 181 23 ; 196 39 ; 82 6 ; 1 49 
f11-likod 1 50 ; 103 42 ; 89 14 ; 36 36 ; 1 49 
f11-lima 1 50 ; 103 42 ; 116 30 ; 1 49 
f11-maayongadlaw 1 50 ; 115 7 ; 13 10 ; 237 13 ; 140 25 ; 15 41 ; 100 6 ; 1 42 
f11-maayongbuntag 1 50 ; 115 7 ; 13 20 ; 237 10 ; 140 14 ; 31 39 ; 133 34 ; 197 6 ; 52 6 ; 1 18 
f11-maayonggabii 1 50 ; 115 7 ; 13 6 ; 237 11 ; 140 11 ; 55 29 ; 29 9 ; 68 6 ; 1 40 
f11-maayonghapon 1 50 ; 115 9 ; 13 6 ; 237 9 ; 140 27 ; 59 12 ; 173 52 ; 132 7 
f11-maayongudto 1 50 ; 115 7 ; 13 6 ; 237 11 ; 140 25 ; 211 11 ; 200 8 ; 1 50 
f11-mangayokougmenu 1 50 ; 115 11 ; 141 8 ; 13 9 ; 236 19 ; 90 12 ; 218 59 ; 119 41 ; 148 9 
f11-napulo 1 74 ; 135 13 ; 177 21 ; 108 23 ; 1 49 
f11-palihog 1 44 ; 163 9 ; 105 45 ; 65 39 ; 52 6 ; 1 49 
f11-palihogkougmenu 1 46 ; 163 7 ; 105 34 ; 65 13 ; 52 6 ; 90 7 ; 218 59 ; 119 45 ; 148 6 
f11-pito 1 49 ; 167 36 ; 200 30 ; 1 49 
f11-sila 1 47 ; 191 44 ; 96 34 ; 1 48 
f11-silaakoangmgaanak 1 47 ; 191 47 ; 96 10 ; 11 9 ; 89 16 ; 13 6 ; 140 11 ; 115 6 ; 141 6 ; 12 7 ; 11 7 ; 137 23 ; 76 10 ; 1 45 
f11-siya 1 48 ; 191 43 ; 232 36 ; 1 49 
f11-siyaangakoangasawa 1 47 ; 191 36 ; 232 10 ; 11 6 ; 140 6 ; 11 6 ; 89 11 ; 13 6 ; 140 6 ; 11 6 ; 185 25 ; 228 19 ; 1 49 
f11-siyam 1 47 ; 191 48 ; 233 10 ; 112 35 ; 1 45 
f11-taas 1 50 ; 195 29 ; 13 6 ; 180 70 ; 1 50 
f11-tanan 1 50 ; 195 25 ; 137 53 ; 132 11 ; 1 45 
f11-too 1 50 ; 199 34 ; 152 67 ; 1 48 
f11-tulo 1 50 ; 203 26 ; 108 39 ; 1 49 
f11-ubos 1 48 ; 207 46 ; 160 44 ; 1 48 
f11-unom 1 47 ; 219 22 ; 156 36 ; 1 48 
f11-upat 1 48 ; 223 30 ; 20 35 ; 1 47 
f11-walaleft 1 49 ; 227 43 ; 96 63 ; 1 47 
f11-walazero 1 49 ; 227 42 ; 96 33 ; 1 48 
f11-walo 1 49 ; 227 37 ; 108 40 ; 1 49 
f12-ako 1 49 ; 11 36 ; 88 53 ; 1 50 
f12-akoa 1 49 ; 11 29 ; 89 23 ; 12 28 ; 1 50 
f12-akoananganak 1 49 ; 11 21 ; 89 26 ; 12 9 ; 135 6 ; 140 11 ; 11 7 ; 137 23 ; 76 10 ; 1 46 
f12-akoananginahan 1 49 ; 11 24 ; 89 25 ; 12 11 ; 135 7 ; 140 15 ; 67 6 ; 137 8 ; 61 12 ; 132 10 ; 1 44 
f12-akoangamahan 1 49 ; 11 27 ; 89 20 ; 13 6 ; 140 6 ; 11 6 ; 117 6 ; 61 31 ; 132 10 ; 1 45 
f12-akoanganak 1 49 ; 11 30 ; 89 21 ; 13 6 ; 140 6 ; 11 7 ; 137 32 ; 76 10 ; 1 45 
f12-amahan 1 49 ; 11 26 ; 117 6 ; 61 50 ; 132 6 ; 1 44 
f12-anak 1 57 ; 11 18 ; 137 42 ; 76 10 ; 1 45 
f12-asaang 1 49 ; 11 47 ; 184 35 ; 11 44 ; 140 6 ; 1 49 
f12-asawa 1 49 ; 11 32 ; 185 30 ; 228 25 ; 1 49 
f12-atubangan 1 49 ; 11 33 ; 205 10 ; 25 13 ; 141 8 ; 13 36 ; 132 11 ; 1 45 
f12-bana 1 50 ; 23 47 ; 136 52 ; 1 49 
f12-bata 1 50 ; 23 44 ; 196 34 ; 1 57 
f12-dani 1 49 ; 39 55 ; 144 76 ; 1 49 
f12-didto 1 48 ; 35 31 ; 73 28 ; 200 57 ; 1 49 
f12-duha 1 49 ; 47 32 ; 60 34 ; 1 49 
f12-ikaw 1 49 ; 67 51 ; 84 43 ; 1 47 
f12-imoha 1 49 ; 67 29 ; 125 19 ; 60 39 ; 1 49 
f12-inahan 1 49 ; 67 33 ; 137 10 ; 61 44 ; 132 11 ; 1 44 
f12-isa 1 49 ; 67 26 ; 184 35 ; 1 49 
f12-iyahaningbana 1 49 ; 67 27 ; 233 11 ; 60 20 ; 143 16 ; 140 7 ; 23 8 ; 136 24 ; 1 49 
f12-kabalokamagenglish 1 57 ; 79 28 ; 25 7 ; 108 22 ; 82 9 ; 115 7 ; 52 18 ; 67 6 ; 141 6 ; 105 25 ; 188 48 
f12-kabalokamagtagalog 1 50 ; 79 24 ; 25 8 ; 108 16 ; 82 11 ; 115 10 ; 52 7 ; 195 6 ; 57 7 ; 109 19 ; 52 7 ; 1 49 
f12-kumustaka 1 41 ; 91 10 ; 129 64 ; 181 17 ; 196 46 ; 82 8 ; 1 50 
f12-likod 1 50 ; 103 39 ; 89 12 ; 36 22 ; 1 49 
f12-lima 1 50 ; 103 46 ; 116 21 ; 1 49 
f12-maayongadlaw 1 50 ; 115 12 ; 13 13 ; 237 16 ; 140 24 ; 15 45 ; 100 6 ; 1 41 
f12-maayongbuntag 1 50 ; 115 7 ; 13 18 ; 237 10 ; 140 13 ; 31 24 ; 133 26 ; 197 6 ; 52 6 ; 1 25 
f12-maayonggabii 1 50 ; 115 7 ; 13 6 ; 237 11 ; 140 12 ; 55 40 ; 29 35 ; 68 6 ; 1 15 
f12-maayonghapon 1 50 ; 115 7 ; 13 7 ; 237 8 ; 140 28 ; 59 7 ; 173 68 ; 132 6 
f12-maayongudto 1 50 ; 115 7 ; 13 6 ; 237 11 ; 140 25 ; 211 6 ; 200 13 ; 1 50 
f12-mangayokougmenu 1 50 ; 115 18 ; 141 10 ; 13 6 ; 236 19 ; 90 13 ; 218 59 ; 119 43 ; 148 7 
f12-napulo 1 66 ; 135 11 ; 177 20 ; 108 33 ; 1 49 
f12-palihog 1 46 ; 163 8 ; 105 41 ; 65 33 ; 52 7 ; 1 48 
f12-palihogkougmenu 1 46 ; 163 7 ; 105 41 ; 65 13 ; 52 6 ; 90 8 ; 218 55 ; 119 44 ; 148 6 
f12-pito 1 49 ; 167 46 ; 200 34 ; 1 50 
f12-silaakoangmgaanak 1 47 ; 191 38 ; 96 12 ; 11 9 ; 89 16 ; 13 6 ; 140 11 ; 115 6 ; 141 6 ; 12 6 ; 11 8 ; 137 29 ; 76 10 ; 1 46 
f12-siya 1 48 ; 191 43 ; 232 46 ; 1 49 
f12-siyaangakoangasawa 1 48 ; 191 33 ; 232 10 ; 11 6 ; 140 6 ; 11 6 ; 89 12 ; 13 6 ; 140 6 ; 11 6 ; 185 23 ; 228 18 ; 1 49 
f12-siyam 1 48 ; 191 47 ; 233 11 ; 112 33 ; 1 46 
f12-taas 1 50 ; 195 24 ; 13 7 ; 180 73 ; 1 49 
f12-tanan 1 50 ; 195 29 ; 137 55 ; 132 12 ; 1 43 
f12-too 1 50 ; 199 31 ; 152 52 ; 1 47 
f12-tulo 1 50 ; 203 29 ; 108 32 ; 1 50 
f12-ubos 1 48 ; 207 36 ; 160 56 ; 1 48 
f12-unom 1 47 ; 219 26 ; 156 44 ; 1 48 
f12-upat 1 48 ; 223 34 ; 20 37 ; 1 48 
f12-walaleft 1 49 ; 227 42 ; 96 38 ; 1 48 
f12-walazero 1 49 ; 227 43 ; 96 39 ; 1 48 
f12-walo 1 49 ; 227 33 ; 108 41 ; 1 49 
f2-akoananganak 1 49 ; 11 11 ; 89 26 ; 12 9 ; 135 7 ; 140 8 ; 11 9 ; 137 14 ; 76 7 ; 1 46 
f2-akoananginahan 1 49 ; 11 6 ; 89 19 ; 12 8 ; 135 6 ; 140 15 ; 67 6 ; 137 7 ; 61 13 ; 132 7 ; 1 43 
f2-akoang 1 49 ; 11 8 ; 89 31 ; 13 6 ; 140 7 ; 1 50 
f2-akoangamahan 1 49 ; 11 7 ; 89 13 ; 13 6 ; 140 7 ; 11 8 ; 117 6 ; 61 17 ; 132 6 ; 1 45 
f2-akoanganak 1 49 ; 11 8 ; 89 19 ; 13 6 ; 140 7 ; 11 7 ; 137 10 ; 76 10 ; 1 45 
f2-amahan 1 49 ; 11 8 ; 117 6 ; 61 23 ; 132 6 ; 1 45 
f2-asaang 1 49 ; 11 15 ; 184 37 ; 11 6 ; 140 17 ; 1 49 
f2-imohang 1 49 ; 67 7 ; 125 36 ; 61 6 ; 140 8 ; 1 49 
f2-inahan 1 49 ; 67 8 ; 137 14 ; 61 16 ; 132 6 ; 1 44 
f2-isa 1 49 ; 67 9 ; 184 27 ; 1 49 
f2-kabalokamagenglish 1 50 ; 79 7 ; 25 7 ; 108 7 ; 82 6 ; 115 6 ; 52 30 ; 67 6 ; 141 6 ; 105 6 ; 188 48 
f2-kabalokamagtagalog 1 50 ; 79 12 ; 25 11 ; 108 17 ; 82 8 ; 115 7 ; 52 6 ; 195 8 ; 57 7 ; 109 11 ; 52 7 ; 1 50 
f2-kumustaka 91 51 ; 129 25 ; 181 24 ; 196 6 ; 82 6 ; 1 50 
f2-lima 1 50 ; 103 27 ; 116 7 ; 1 50 
f2-maayongadlaw 1 50 ; 115 6 ; 13 13 ; 237 15 ; 140 13 ; 15 34 ; 100 6 ; 1 42 
f2-maayongbuntag 1 50 ; 115 10 ; 13 6 ; 237 11 ; 140 6 ; 31 48 ; 133 26 ; 197 6 ; 52 6 ; 1 14 
f2-maayonggabii 1 50 ; 115 10 ; 13 7 ; 237 6 ; 140 6 ; 55 24 ; 29 15 ; 68 6 ; 1 32 
f2-maayonghapon 1 50 ; 115 8 ; 13 12 ; 237 19 ; 140 9 ; 59 32 ; 173 11 ; 132 6 ; 1 37 
f2-mangayokougmenu 1 50 ; 115 10 ; 141 9 ; 13 7 ; 236 6 ; 90 9 ; 218 43 ; 119 42 ; 148 7 
f2-napulo 1 50 ; 135 21 ; 177 35 ; 108 6 ; 1 49 
f2-palihog 1 46 ; 163 7 ; 105 19 ; 65 19 ; 52 6 ; 1 49 
f2-palihogkougmenu 1 46 ; 163 7 ; 105 23 ; 65 9 ; 52 6 ; 90 6 ; 218 42 ; 119 44 ; 148 6 
f2-silaakoangmgaanak 1 48 ; 191 29 ; 96 17 ; 11 6 ; 89 9 ; 13 6 ; 140 6 ; 115 6 ; 141 6 ; 12 6 ; 11 7 ; 137 6 ; 76 10 ; 1 46 
f2-siyaangakoangasawa 1 47 ; 191 20 ; 232 22 ; 11 9 ; 140 6 ; 11 11 ; 89 25 ; 13 6 ; 140 6 ; 11 6 ; 185 37 ; 228 6 ; 1 49 
f2-walaleft 1 49 ; 227 28 ; 96 33 ; 1 46 
f2-walazero 1 49 ; 227 22 ; 96 20 ; 1 47 
f3-ako 1 49 ; 11 11 ; 88 40 ; 1 50 
f3-akoa 1 49 ; 11 6 ; 89 29 ; 12 6 ; 1 49 
f3-akoananganak 1 49 ; 11 8 ; 89 20 ; 12 9 ; 135 7 ; 140 7 ; 11 8 ; 137 11 ; 76 9 ; 1 45 
f3-akoananginahan 1 49 ; 11 6 ; 89 19 ; 12 6 ; 135 6 ; 140 14 ; 67 6 ; 137 9 ; 61 16 ; 132 10 ; 1 44 
f3-akoang 1 49 ; 11 7 ; 89 34 ; 13 6 ; 140 6 ; 1 49 
f3-akoangamahan 1 49 ; 11 7 ; 89 15 ; 13 6 ; 140 6 ; 11 6 ; 117 6 ; 61 19 ; 132 6 ; 1 44 
f3-akoanganak 1 49 ; 11 9 ; 89 15 ; 13 6 ; 140 7 ; 11 6 ; 137 11 ; 76 8 ; 1 45 
f3-amahan 1 49 ; 11 7 ; 117 6 ; 61 23 ; 132 9 ; 1 41 
f3-anak 1 49 ; 11 7 ; 137 20 ; 76 9 ; 1 44 
f3-asaang 1 49 ; 11 16 ; 184 38 ; 11 6 ; 140 9 ; 1 49 
f3-asawa 1 49 ; 11 7 ; 185 28 ; 228 7 ; 1 49 
f3-atubangan 1 49 ; 11 9 ; 205 8 ; 25 18 ; 141 6 ; 13 17 ; 132 7 ; 1 45 
f3-bana 1 50 ; 23 11 ; 136 27 ; 1 49 
f3-bata 1 50 ; 23 27 ; 196 6 ; 1 49 
f3-dani 1 49 ; 39 20 ; 144 28 ; 1 49 
f3-didto 1 46 ; 35 6 ; 73 46 ; 200 11 ; 1 49 
f3-duha 1 49 ; 47 16 ; 60 15 ; 1 49 
f3-ikaw 1 49 ; 67 21 ; 84 30 ; 1 47 
f3-imoha 1 49 ; 67 6 ; 125 34 ; 60 10 ; 1 49 
f3-imohang 1 49 ; 67 6 ; 125 24 ; 61 6 ; 140 6 ; 1 49 
f3-inahan 1 49 ; 67 8 ; 137 13 ; 61 17 ; 132 7 ; 1 43 
f3-isa 1 48 ; 67 10 ; 184 29 ; 1 49 
f3-iyahaningbana 1 49 ; 67 8 ; 233 11 ; 60 13 ; 143 8 ; 140 7 ; 23 7 ; 136 12 ; 1 49 
f3-kabalokamagenglish 1 50 ; 79 9 ; 25 8 ; 108 13 ; 82 16 ; 115 6 ; 52 18 ; 67 6 ; 141 6 ; 105 6 ; 188 44 
f3-kabalokamagtagalog 1 50 ; 79 8 ; 25 9 ; 108 12 ; 82 6 ; 115 6 ; 52 6 ; 195 6 ; 57 6 ; 109 11 ; 52 6 ; 1 43 
f3-kumustaka 1 44 ; 91 7 ; 129 27 ; 181 8 ; 196 15 ; 82 6 ; 1 49 
f3-likod 1 50 ; 103 16 ; 89 25 ; 36 16 ; 1 49 
f3-lima 1 49 ; 103 35 ; 116 8 ; 1 49 
f3-maayongadlaw 1 50 ; 115 8 ; 13 13 ; 237 15 ; 140 12 ; 15 18 ; 100 6 ; 1 41 
f3-maayongbuntag 1 50 ; 115 7 ; 13 6 ; 237 24 ; 140 6 ; 31 47 ; 133 35 ; 197 6 ; 52 6 ; 1 7 
f3-maayonggabii 1 50 ; 115 6 ; 13 7 ; 237 6 ; 140 6 ; 55 33 ; 29 9 ; 68 6 ; 1 41 
f3-maayonghapon 1 50 ; 115 7 ; 13 21 ; 237 7 ; 140 9 ; 59 17 ; 173 9 ; 132 6 ; 1 40 
f3-maayongudto 1 50 ; 115 6 ; 13 8 ; 237 8 ; 140 8 ; 211 8 ; 200 7 ; 1 50 
f3-mangayokougmenu 1 50 ; 115 7 ; 141 9 ; 13 6 ; 236 6 ; 90 8 ; 218 36 ; 119 6 ; 148 6 ; 1 37 
f3-napulo 1 50 ; 135 20 ; 177 29 ; 108 7 ; 1 49 
f3-palihog 1 46 ; 163 6 ; 105 19 ; 65 10 ; 52 6 ; 1 50 
f3-palihogkougmenu 1 46 ; 163 7 ; 105 11 ; 65 6 ; 52 6 ; 90 9 ; 218 33 ; 119 6 ; 148 7 ; 1 37 
f3-pito 1 47 ; 167 34 ; 200 12 ; 1 49 
f3-sila 1 47 ; 191 25 ; 96 23 ; 1 48 
f3-silaakoangmgaanak 1 47 ; 191 40 ; 96 13 ; 11 7 ; 89 36 ; 13 6 ; 140 9 ; 115 6 ; 141 6 ; 12 6 ; 11 13 ; 137 10 ; 76 10 ; 1 45 
f3-siya 1 47 ; 191 20 ; 232 24 ; 1 49 
f3-siyaangakoangasawa 1 47 ; 191 14 ; 232 29 ; 11 6 ; 140 6 ; 11 6 ; 89 15 ; 13 6 ; 140 6 ; 11 9 ; 185 25 ; 228 6 ; 1 50 
f3-siyam 1 47 ; 191 17 ; 233 15 ; 112 12 ; 1 46 
f3-taas 1 50 ; 195 10 ; 13 6 ; 180 39 ; 1 49 
f3-tanan 1 50 ; 195 7 ; 137 30 ; 132 9 ; 1 44 
f3-too 1 50 ; 199 17 ; 152 31 ; 1 47 
f3-tulo 1 50 ; 203 18 ; 108 18 ; 1 50 
f3-ubos 1 48 ; 207 31 ; 160 23 ; 1 48 
f3-unom 1 47 ; 219 9 ; 156 26 ; 1 48 
f3-upat 1 48 ; 223 19 ; 20 24 ; 1 48 
f3-walaleft 1 49 ; 227 31 ; 96 33 ; 1 48 
f3-walazero 1 49 ; 227 22 ; 96 17 ; 1 48 
f3-walo 1 49 ; 227 18 ; 108 28 ; 1 50 
f4-ako 1 49 ; 11 9 ; 88 39 ; 1 50 
f4-akoa 1 49 ; 11 6 ; 89 18 ; 12 8 ; 1 49 
f4-akoananganak 1 49 ; 11 9 ; 89 18 ; 12 9 ; 135 6 ; 140 9 ; 11 8 ; 137 8 ; 76 9 ; 1 46 
f4-akoananginahan 1 49 ; 11 13 ; 89 15 ; 12 6 ; 135 6 ; 140 13 ; 67 6 ; 137 10 ; 61 10 ; 132 7 ; 1 43 
f4-akoang 1 49 ; 11 8 ; 89 39 ; 13 6 ; 140 17 ; 1 50 
f4-akoangamahan 1 49 ; 11 7 ; 89 21 ; 13 9 ; 140 9 ; 11 14 ; 117 7 ; 61 31 ; 132 7 ; 1 43 
f4-akoanganak 1 49 ; 11 7 ; 89 11 ; 13 6 ; 140 7 ; 11 7 ; 137 7 ; 76 9 ; 1 45 
f4-amahan 1 49 ; 11 8 ; 117 6 ; 61 32 ; 132 6 ; 1 44 
f4-anak 1 49 ; 11 7 ; 137 27 ; 76 8 ; 1 46 
f4-asaang 1 49 ; 11 14 ; 184 47 ; 11 7 ; 140 7 ; 1 49 
f4-asawa 1 49 ; 11 6 ; 185 31 ; 228 6 ; 1 50 
f4-atubangan 1 49 ; 11 9 ; 205 7 ; 25 14 ; 141 7 ; 13 18 ; 132 10 ; 1 45 
f4-bana 1 50 ; 23 10 ; 136 31 ; 1 50 
f4-bata 1 50 ; 23 26 ; 196 6 ; 1 50 
f4-dani 1 49 ; 39 18 ; 144 24 ; 1 49 
f4-didto 1 46 ; 35 6 ; 73 34 ; 200 12 ; 1 49 
f4-duha 1 49 ; 47 17 ; 60 18 ; 1 50 
f4-ikaw 1 49 ; 67 20 ; 84 26 ; 1 48 
f4-imoha 1 49 ; 67 7 ; 125 20 ; 60 21 ; 1 49 
f4-imohang 1 49 ; 67 6 ; 125 20 ; 61 9 ; 140 9 ; 1 50 
f4-inahan 1 49 ; 67 9 ; 137 12 ; 61 23 ; 132 7 ; 1 44 
f4-isa 1 49 ; 67 10 ; 184 32 ; 1 49 
f4-iyahaningbana 1 49 ; 67 8 ; 233 11 ; 60 10 ; 143 8 ; 140 8 ; 23 6 ; 136 15 ; 1 49 
f4-kabalokamagenglish 1 50 ; 79 7 ; 25 6 ; 108 6 ; 82 6 ; 115 6 ; 52 34 ; 67 6 ; 141 6 ; 105 7 ; 188 47 
f4-kabalokamagtagalog 1 49 ; 79 6 ; 25 7 ; 108 6 ; 82 6 ; 115 6 ; 52 6 ; 195 6 ; 57 6 ; 109 13 ; 52 7 ; 1 49 
f4-kumustaka 1 44 ; 91 7 ; 129 20 ; 181 17 ; 196 6 ; 82 6 ; 1 50 
f4-likod 1 50 ; 103 21 ; 89 16 ; 36 17 ; 1 49 
f4-lima 1 50 ; 103 26 ; 116 8 ; 1 50 
f4-maayongadlaw 1 49 ; 115 7 ; 13 19 ; 237 8 ; 140 15 ; 15 22 ; 100 6 ; 1 42 
f4-maayongbuntag 1 50 ; 115 11 ; 13 8 ; 237 22 ; 140 6 ; 31 35 ; 133 9 ; 197 6 ; 52 6 ; 1 32 
f4-maayonggabii 1 50 ; 115 7 ; 13 9 ; 237 8 ; 140 9 ; 55 32 ; 29 8 ; 68 6 ; 1 40 
f4-maayonghapon 1 50 ; 115 6 ; 13 12 ; 237 8 ; 140 9 ; 59 28 ; 173 21 ; 132 8 ; 1 33 
f4-maayongudto 1 50 ; 115 6 ; 13 6 ; 237 7 ; 140 7 ; 211 16 ; 200 7 ; 1 50 
f4-mangayokougmenu 1 50 ; 115 7 ; 141 7 ; 13 6 ; 236 6 ; 90 7 ; 218 33 ; 119 6 ; 148 8 ; 1 36 
f4-napulo 1 50 ; 135 18 ; 177 30 ; 108 11 ; 1 49 
f4-palihog 1 46 ; 163 7 ; 105 17 ; 65 17 ; 52 6 ; 1 49 
f4-palihogkougmenu 1 45 ; 163 7 ; 105 9 ; 65 6 ; 52 6 ; 90 7 ; 218 32 ; 119 8 ; 148 10 ; 1 32 
f4-pito 1 47 ; 167 36 ; 200 12 ; 1 49 
f4-sila 1 47 ; 191 27 ; 96 24 ; 1 47 
f4-siya 1 47 ; 191 20 ; 232 21 ; 1 49 
f4-siyaangakoangasawa 1 47 ; 191 21 ; 232 20 ; 11 6 ; 140 6 ; 11 8 ; 89 19 ; 13 6 ; 140 6 ; 11 6 ; 185 24 ; 228 7 ; 1 49 
f4-siyam 1 47 ; 191 15 ; 233 14 ; 112 14 ; 1 46 
f4-taas 1 49 ; 195 6 ; 13 6 ; 180 44 ; 1 49 
f4-tanan 1 50 ; 195 11 ; 137 36 ; 132 7 ; 1 44 
f4-too 1 50 ; 199 9 ; 152 40 ; 1 48 
f4-tulo 1 50 ; 203 18 ; 108 25 ; 1 50 
f4-ubos 1 48 ; 207 27 ; 160 25 ; 1 48 
f4-unom 1 47 ; 219 12 ; 156 35 ; 1 48 
f4-upat 1 48 ; 223 18 ; 20 23 ; 1 45 
f4-walaleft 1 49 ; 227 24 ; 96 29 ; 1 48 
f4-walazero 1 49 ; 227 23 ; 96 17 ; 1 48 
f4-walo 1 49 ; 227 19 ; 108 22 ; 1 50 
